1136119397
4132325862
3368833963
231138929
1614870397
4201097541
3343285043
1743775638
2079236714
2728952879
1358798238
3502271070
2681880659
1973332204
2244624908
930738043
3370745181
1307418016
1130522409
3532111656
2058309030
2799522386
464792001
1711886935
1068480814
4039061425
2053143335
2107475417
1077765293
1073027223
2889380775
3837236312
408747027
2956202567
3290508857
2692479557
653452616
2264735199
3559381703
2617507187
3359667010
324576738
1756621267
1260007123
3587744224
1999163513
2096752424
584020390
922148219
3046609250
973680801
541371040
910752314
2181202600
322978700
3755783853
1010935772
428295247
2439520311
2800669097
1352305342
4257132411
432183647
974514703
4094883599
3003180914
782523265
550276380
89207816
3734487642
1344012552
3256603653
2044055722
1334692613
839340239
1673067214
1340242374
137641776
620654611
4028160013
339311621
1002981200
466113214
2334804993
1872695462
1103209571
2315952291
610264844
335413466
1678951167
3002968141
1496603742
19131398
1310185274
2840314728
2922731032
2279277898
1092042672
4284943854
1917102059
2163784636
2889010223
2477076595
303105082
438486585
2610354912
1123287450
1694443495
3790716724
3215692883
3292596933
2476767022
4184334282
1907036880
4017701407
2943117030
3933940155
3316503391
3227429077
3160870665
23264129
1287948234
1621599403
3689626627
789153769
1232167978
178865457
938620962
2243383646
1914527025
77745040
3989365448
794438313
2683522159
3082919449
3810145808
1302487536
2707074657
4207447185
2336416951
762812734
3501137470
1880182258
1517498039
491098847
2032116088
13179062
4223575641
4060053922
1414853190
3982653816
1320739066
785612572
1616475086
4234144326
4278087413
1833449173
1795690838
2057303813
989548695
2803346133
2905732628
1316033899
134138844
3217784464
2296286873
2207267948
2346734752
3595596161
681197776
3681332891
4259238869
3626748980
991150994
1682506979
3287083187
1754350396
3417977680
3996309521
2701053425
2229212362
1814830949
182615176
2446329807
102507556
1294775034
985003748
437845494
238221371
15202969
3273617875
3860587003
1493684726
3395035279
601638950
3862815839
3568572572
3359064495
446584323
403194606
4018042131
1784976538
1257007430
2440015953
2471308783
632105912
1538395132
2500070240
3040905818
1972342894
3877459929
3934675133
2254566191
2784233086
4244446865
3018629445
2174988007
3020926537
141450913
3372067654
1290440319
3598430568
2320758731
813659035
667065100
3861176781
4002534640
319921604
1300407809
2386267372
1523913597
1500287954
1489822685
1650478033
480826587
991446869
4080709621
2138875784
2576636441
421997778
3132847441
4034466484
3462472397
882021907
30950965
3473050850
1248797147
364373926
243812434
4077854044
171103523
1267640164
1344342400
3020396505
1000707451
1973306871
390331039
2374077915
776668658
1222122250
235054874
2633044898
1340255329
58353736
1621807688
112308096
1887957393
6623643
2543020287
1635693996
1107737313
1297985303
784618073
1116575603
857633699
1351315915
1643029437
3414016317
1963391707
2334357964
1814400788
1431327240
4224255075
3511748070
4187633208
1423878315
72403349
449882893
1708988480
1717077567
515153560
1764979732
1259414024
885329218
1829482831
3951613408
3071805218
1813584194
1459006762
3265660877
829218298
3439433592
1684433574
4173069363
1329712001
3227811665
3374211554
1526227862
2962857311
1703568480
711889166
929495430
889961952
2402115978
826136566
3255741145
2141734991
1898095184
3950633864
515009095
1090929362
4014385781
2649656910
3095025797
2751009639
99725663
459846656
1873891236
4022045591
4270365183
3120625673
2386350580
611645385
3955951904
2682133725
3549084131
2672528771
2638507397
2061258056
3856047502
4237878128
1422525122
2906043485
4050181246
3924869246
1416371159
1372802504
3785692475
1384497434
3052187203
3052808528
1868498638
1780286633
3408853908
2350314776
1577930953
3505287546
3228471422
2162521440
1738062562
876539880
2891316044
4044543900
172146655
3910842737
2039257070
3504656972
582883877
3690206801
4081899138
3189257025
37906246
850487991
1157524730
3075351403
695969806
1589096152
598546304
2473603977
3379740552
3840049480
321851384
570002529
2492935290
2179656927
653855761
2727010847
2233181396
1023464679
4273994915
1711204053
3582163959
3797205571
2211463173
4217498067
295489718
154901616
3904746190
2981083524
2607711065
3053978880
723769130
1148631496
1169585109
3758229837
1968327041
603377918
2348537884
3794644531
2607915887
4048447397
1005252213
1654154075
2476119948
4270086249
1215845090
893908962
2539987039
714503209
979198830
358686740
145070402
2736879552
176605929
305921728
1283831444
2249758146
3376104792
3691389298
3607175822
3019454738
649494787
1368646413
2515687592
3498902373
3018688719
3697582923
1815365981
1626064750
643318171
4263791581
3398804322
410323474
4070183038
2483942251
202089145
2854849298
2489996508
2668929935
593000515
3637729179
4267206284
2613933206
924515697
813110200
1797425848
2921508189
162746911
2206949462
3509352378
1449529513
2868048537
3136505816
250233114
4043135025
1865217803
1450186233
2520339893
1278406754
1818272660
2484378238
563306284
413801076
3624291845
2844699013
503815542
2951655889
2192360982
2552979151
31268347
643635651
139277125
815917034
3020378092
4078562472
1818959940
2714958001
592286509
1608594654
1794703405
114304440
1774443155
3067341498
1038201418
2850871529
2351196116
977375594
2051408416
4173347915
1508217758
3606922398
1982277861
3442553028
1202887822
3043169536
2969159961
1163192339
1150527568
3169965601
4095497238
2314809447
1972690533
3777201112
1088134788
2890666812
1033879071
1472743780
3926098415
3977538273
749307826
194978140
2818917059
1609284572
364244317
3925989227
1314328171
1328872669
1014645078
970883221
3775743456
1709649602
3041348430
141234643
3884130626
2611448767
75438645
39381004
4040016482
3879393672
146811846
2206444658
936547433
3398066986
3034727353
2363398676
2531261056
1008688803
3599572844
2658511521
3320853745
3079870194
4138879616
2641272456
3386998091
1294783174
1609294364
1556651231
3659126473
1089773623
3187529102
540805158
3489895344
2579416430
1269771833
2815854360
2404209979
2723932863
3403563128
2453259265
4136962882
456877605
3994271711
2860388188
3796905166
782806206
283609156
3925749108
1027382745
2764452532
1358467979
228549390
3656885964
1478014020
1802906674
3267180291
405257664
186356887
95894656
2795074130
1170333182
269676086
2209727962
2926786750
586662421
2049778187
595168726
2332481823
811883246
2681434123
2902208526
171811783
1105815911
1065168183
3774394908
583920895
2814510454
3056384985
1214636827
1878802990
2601171926
3156673481
1348012031
1392840984
1843731503
3927059796
714470913
3762761473
844462480
436584272
3872368366
2851318782
55374621
1600675867
3002394332
2856540589
500565739
1204546352
1695394243
1404650557
610613975
4294877579
933116178
3368288725
1531914614
2623708100
3438866639
3966040065
320988024
3196217409
2253395588
2882133483
439927838
2314768808
1896351053
1725613516
1465189864
980580631
2847063057
3838706624
1832684626
1489143733
421868713
4209812959
2294948500
3416118229
347257115
401697334
1260786527
3629882627
2616317238
4241267602
401515239
1815420357
2199797979
2995509130
3864128941
3236733383
3339201287
930456285
410667823
2893927657
2163034175
769104711
2647296161
3264508809
2375449020
3396473940
275896690
2507718884
543807116
4286100284
4234139788
4009622806
1135081840
3918288130
3980921697
2276359657
3399587172
3978515733
2967312918
487687377
393543707
406144553
214123882
2053791665
3869076616
2112277960
2898115097
3538550169
588905972
657644151
3485849471
282156153
3949073117
4286829900
696731534
540683153
631517905
1716987581
1421008086
769128597
2773071214
3961449777
2951205069
3294111256
741269888
1962648481
1377530061
2015205069
1321616217
2474602454
2988050631
4220622476
2886857475
2267250308
4005385990
954068962
685813489
640337128
2979302386
3109232497
4226428743
1381997143
401765615
4198119071
2881401231
4174225497
922516404
1941761554
2676707775
135459801
800893266
3211670825
2881668220
2633168020
1464590642
2162225600
430959828
1911170096
1333002693
646791640
24710409
535992788
4172185009
4187658240
2522658067
987108723
2054356739
2857236980
1189107248
1448661097
1960737018
1819946857
2718527998
2096844545
802493572
1817368943
1681765220
1600472174
3510333312
2936624539
578710685
2482762328
2071426754
2905890980
528742855
1725242310
255331976
1575534594
223893706
2306640071
4043845614
1676675370
2328441052
3841099363
3048522436
3660019680
2369376432
2430735290
13974301
1952641304
395794876
1213896063
2415664857
2948691651
2241923985
2796504960
3851678910
1904642088
2621476563
1840066440
1785541643
2731078319
2296726693
3146128264
2318705786
1623907451
2498626520
1955702994
422507200
3021082095
2192561314
4198885917
3597858469
3357129485
3993156755
3594598619
110064239
1128819858
3835648391
4283140869
1845611801
4227313795
3895667102
1110525634
110650241
2151465385
1550950841
1087172755
1028865823
590091833
34259340
3037777149
3664878342
2386889674
3744603887
3770371159
3086753702
3837544986
3770567548
196026432
1579308064
1945366814
1997696959
4160775183
3799559405
1513073571
332150741
1951724328
1042141199
2836159679
380308521
1619480493
3432107603
1243442972
2047608932
2406080842
1434169778
3506342172
1001610971
2962234343
1712728774
2589381317
2728969779
1859595250
2728956265
922541669
482361039
8563121
2736603468
3128397126
1346905760
768848470
3600091544
1052569186
1666620268
1642328772
2119082651
1621273888
493071
1280409146
1227320461
2565333837
562630956
775957629
4236347156
3617449859
1155933482
3146323614
3616212085
1510486161
2338211585
1790141020
2149581193
3734526960
667271631
791294621
1375172131
2109510806
1172625631
2883061207
1552568668
2655058237
829398288
4291272590
4182757084
652642214
1879924790
2914976840
272887912
229797395
465199447
1882315038
2296901077
2385869262
1329552866
2828538968
989347112
1622130792
470914692
412287818
11231273
3684713026
4212825364
3651322219
273238866
76833057
3805611836
4151244341
629445360
3652637489
1017820186
1630814291
2801674931
3642013433
1574508125
2789346709
2489836845
747516539
1089118457
1593833733
4110102414
1331386128
3944194972
1549330092
3470809535
1177180944
2652176009
151153735
77662363
4221858810
4133957422
3897651100
2417344054
2565757786
4105323122
3834927407
1479258430
3095833223
2203809211
2808531272
2451271397
1608520502
1654217881
3809150749
4012117923
1087951042
3294034528
1935714296
1683721068
608081901
3066087517
2454050152
139090651
1836364278
257119575
2493531506
1870424435
854184737
2547754193
2230295494
3571218883
1755630662
4087936950
1912241090
1452260746
423098056
281363825
2060849311
1880019744
749823692
4172259204
3509046426
3521308049
3935293530
3447076573
2413356231
2486521811
4023658421
3812860724
